0000000000000000000011000111111111111111111111100011000000000000
0000000000000000000100111111111111111111111111111100110000000000
0000000000000000011011111111111111111111111111111111001000000000
0000000000000000100111111111111111111111111111111111111100000000
0000000000000001011111111111111111111111111111111111110001000000
0000000000000010111111111111111111000010111111111111111110100000
0000000000001101111111111111110000011100000001111111111111010000
0000000000010011111111111110001111100010111111011111111111101000
0000000000101111111111100001110000111110000000100011111111111100
0000000001011111111110011110001111000001111000011100111111110100
0000000011111111111011100000110000111110000110000011111111110100
0000000010111111110110000011000111111111111001000001011111111010
0000000101111111111100000100111111111111111110100001111111111010
0000001011111111101000001011111111111111111111010001011111110100
0000011111111111110000010111111111111111111111111011111111111100
0000011111111111110000101111111111111111111111111100111111101000
0000010111111110100001011111111110000001111111110011111111110000
0000101111111101000011111111111001111110011111111111111111110000
0000101111111111000010111111110111101111101111111111111110100000
0001111111111110000111111111100000100000011111111111111001000000
0001011111111010000101111111111110001111111111111111110110000000
0011111111110100001011111111111111111111111111111110001000000000
0010111111111100001011111111111111111111111111111101110000000000
0011111111101000001011111111111111111111111111111110100000000000
0010111111101000001011111111111111111111111101111111100000000000
0111111111111000010111111100000001111110000011111110100000000000
0101111111010000010111111111111110000001111101111111110000000000
0101111111110000010111111010000001111110000101111111010000000000
0101111111010000101111111010000000000000000101111111010000000000
0101111111010000101111111010000000000000000101111111010000000000
0111111111010000101111111010000000000000000011111111010000000000
0101111111010000101111111010000000000000000010111111010000000000
1111111110100000101111111000000000000000000011111111110000000000
1011111110100000101111111010000000000000000010111111101000000000
0101111110100000101111111010000000000000000010111111101000000000
0111111110100000101111111010000000000000000010111111010000000000
1011111110100000010111111010000000000000000010111111010000000000
1011111110100000010111111010000000000000000010111111010000000000
1011111111010000010111111101000000000000000010111111010000000000
1011111111010000001011111111000000000000000010111111010000000000
0101111111110000001111111101000000000000000101111111010000000000
0101111111010000001011111110100000000000000111111111100000000000
0101111111101000001111111111010000000000000101111110100000000000
0101111111111000000101111111111000000000001111111110100000000000
0111111111110100000111111111100110000000001011111101000000000000
0010111111110100000010111111111001100001110111111111000000000000
0001011111111010000001011111111110011110001111111010000000000000
0001111111111101000001111111111111100001111111110100000000000000
0001111111111110100000010111111111111111111111111100000000000000
0000101111111111011000011011111111111111111111101000000000000000
0000010111111111100100000101111111111111111111010000000000011000
0000011111111111111110000010011111111111111100100000000001100000
0000001011111111111101000001100011111110010011000000001100011101
0000000101111111111110111000011100000001101100000000110001111101
0000000010011111111111000100000011111110010000000011001111111110
0000000001111111111111111011110000000000000000111000111111111010
0000000000100111111111111100001111111111111111000011111111110100
0000000000011111111111111111110000000000000000111111111111101000
0000000000001011111111111111111111111111111111111111111111010000
0001000000000100111111111111111111111111111111111111111100100000
0001100000000011001111111111111111111111111111111111111011000000
0000000000000000110011111111111111111111111111111111000100000000
0001000000000000001100000011111111111111111111111100011000000000
0000000000000000000011111101001111111111111111100011000000000000
